tree
version=v4
num_class=1
num_tree_per_iteration=1
label_index=0
max_feature_idx=25
objective=lambdarank
feature_names=Column_0 Column_1 Column_2 Column_3 Column_4 Column_5 Column_6 Column_7 Column_8 Column_9 Column_10 Column_11 Column_12 Column_13 Column_14 Column_15 Column_16 Column_17 Column_18 Column_19 Column_20 Column_21 Column_22 Column_23 Column_24 Column_25
feature_infos=[-5.8154282569885254:92.587715148925781] [-9.3044471740722656:79.072364807128906] [-4.7932724952697754:67.668548583984375] [-7.0361862182617188:73.906593322753906] [-3.8420984745025635:44.874782562255859] [-5.1881814002990723:60.862342834472656] [-2.7023613452911377:40.298355102539062] [-3.4245908260345459:39.697097778320312] [-1.120904803276062:54.868751525878906] [-1.1999325752258301:40.044334411621094] [-1.1866748332977295:28.12724494934082] [-2.1227807998657227:2.0324497222900391] [-5.522059440612793:8.7399997711181641] [-5.0593948364257812:7.8173074722290039] [-7.1295280456542969:12.403402328491211] [-1.9635915756225586:2.007704496383667] [-1.0465689897537231:38.780971527099609] [-12.837954521179199:13.131403923034668] [-1.2624728679656982:22.83696174621582] [-0.68867093324661255:22.823453903198242] [-0.70575046539306641:18.429082870483398] [-2.2884695529937744:8.391453742980957] [-1.7304996252059937:21.112668991088867] [-0.69360792636871338:59.570137023925781] [-0.72481757402420044:65.555343627929688] [-0.75471538305282593:66.043685913085938]
tree_sizes=6939 6875 6860 6865 6871

Tree=0
num_leaves=63
num_cat=0
split_feature=9 25 18 11 18 16 13 4 19 11 16 18 16 15 25 11 22 18 9 4 7 13 22 13 21 18 16 18 16 25 5 5 1 25 13 25 21 1 18 7 13 11 15 17 4 4 12 15 24 9 17 12 22 1 0 13 19 8 7 25 25 8
split_gain=47.8144 15.843 9.55457 7.10549 5.96487 5.89578 4.58554 3.26708 3.13746 2.84034 4.13384 2.37151 2.60273 2.27751 2.36966 2.27399 2.20242 2.14747 2.13705 1.99302 2.16751 3.10768 2.70653 1.91386 1.90225 1.77815 1.71786 1.68331 1.67113 1.58774 1.56923 1.56733 1.54908 1.51362 2.10646 1.50666 1.4592 1.42113 1.42062 1.56706 1.4001 1.36767 2.05045 1.556 1.36121 1.86417 1.62597 1.85588 1.487 1.36099 1.38328 1.33935 1.33187 1.46744 1.31854 2.45076 1.25972 1.24928 1.23448 2.95701 1.21856 1.21359
threshold=-0.019836799241602417 1.1133574843406679 -0.54247248172759999 0.39840611815452581 -0.23943708837032315 0.63442093133926403 0.057825606316328056 -1.1584649085998533 0.10830765962600709 -0.28337840735912317 -0.046763535588979714 -0.64676469564437855 -0.13111189007759091 -0.49941579997539515 9.293467044830324 -0.26672944426536555 -0.49641242623329157 -0.64676469564437855 0.26209203898906713 -0.69103822112083424 0.14424288272857669 0.51540419459342968 1.2872298955917361 0.12654078006744388 -0.56322401762008656 -0.21655415743589398 -0.4347089678049087 0.68224099278450023 0.013385646045207979 -0.11239188537001608 0.35594277083873754 0.57064765691757213 -0.22109976410865781 -0.038264354690909379 1.0202682018280032 -0.59991964697837818 -0.66868042945861805 0.44747376441955572 -0.396880492568016 -0.30577318370342249 -1.0458331704139707 -0.61494088172912587 -1.206492483615875 -0.80414626002311695 -0.11630683019757269 0.51604506373405468 -0.36972905695438379 -0.2843984961509704 -0.47179873287677759 -0.71069219708442677 -0.98501363396644581 1.2804002165794375 0.36639836430549627 0.9507536292076112 1.2764304876327517 -0.28967596590518946 -0.61761048436164845 -0.42022784054279322 -1.250518202781677 9.293467044830324 0.83493345975875866 0.53864821791648876
decision_type=2 2 2 2 2 2 2 2 2 2 2 2 2 2 2 2 2 2 2 2 2 2 2 2 2 2 2 2 2 2 2 2 2 2 2 2 2 2 2 2 2 2 2 2 2 2 2 2 2 2 2 2 2 2 2 2 2 2 2 2 2 2
left_child=2 4 3 11 -2 13 56 -6 32 10 25 12 15 61 27 -1 30 36 -7 -11 44 22 23 -22 -18 35 -23 -15 -24 -26 -10 37 -9 -28 -35 -4 -8 -25 -12 -40 -13 42 43 -27 46 48 -21 -48 -46 -50 -51 -29 -52 -54 55 -34 -5 -38 -20 -60 -14 -3
right_child=1 5 9 6 7 18 17 8 16 19 38 40 60 14 -16 -17 24 -19 58 20 21 26 28 31 29 41 33 51 -30 -31 -32 -33 54 34 -36 -37 57 -39 39 -41 -42 -43 -44 -45 45 -47 47 -49 49 50 52 -53 53 -55 -56 -57 -58 -59 59 -61 -62 -63
leaf_value=-0.047024401966597358 -0.010063604164271047 -0.02026795205427433 0.010157970288535755 0.0081226242460557783 0.026018220345085469 0 0.052800154660500635 -0.0077736302684601969 0.034443275165437638 0.023907229270732827 -0.020134610217618972 0.015380682066461832 -0.016401620448502425 0.0087854702962882527 -0.029892644067701007 -0.024972718889568497 -0.0082380404354300378 -0.0046453693381945096 0.052016951851996389 -0.013168250924675901 -0.0039385581060451908 0.017954469001610098 -0.022157484518367465 0.015424470185339651 0 -0.01547609023099808 -0.0023007537968129195 0.032060654139237803 0.02102738174260995 0.01403545238599065 2.0460596385532841e-05 0.0029380214293463942 -0.0068351244115127151 -0.032944110797426214 0.0031816704613878612 -0.029134977535892548 0.023841904749677054 0.041520245127159065 0.0089053058266372158 -0.012183405372883259 -0.019512189055267224 -0.0017707815863566099 -0.027624307523578209 0.040056765668455056 0.0035690792893047713 0.01100864302468027 -0.011760985200009809 0.016933011078020734 0.0021413535671347436 0.013655913063916253 -0.015140097254602788 -0.009719712906020625 -0.040467344369439856 0 -0.0073854313444323182 0.016750340762926971 -0.02695905896810525 -0.020704211263659289 0.031294875788128847 -0.01473239167050535 0.022270055041545198 0.0077189702535112236
leaf_weight=32.076724658720195 54.671314176288433 6.8980726777808723 1.9352873397292558 2.4815983265871173 22.031529141648207 5.4390593678690484 3.8761638441355899 41.752555128070526 14.180413859023249 5.7694615643704301 6.8855102516827165 2.2458077385090283 6.2427609846927208 25.363692216109484 1.740485050366259 27.456217065104283 14.190813272725789 5.6701402362668878 8.7868112904252467 15.857510138070209 11.682397371390833 4.2095759717049068 9.0425587508361769 18.853406386333521 26.850987867510412 1.6461278933566066 19.160449748567771 19.5798897856148 1.9145988147938613 81.897044138109777 4.6094496657606205 12.523647636291569 15.709702800784724 12.77574597776402 5.1337997338268897 37.100788675539661 4.018022267264314 8.5545977652654965 30.30272527737543 11.167887724062892 33.414533037750516 20.741969789378345 15.832744923362041 1.4366455493727723 7.5226585337659335 6.1568590472452334 7.5732665148098013 15.230342298105827 5.894422178855165 1.7565326410112891 23.704210390977096 1.474712106748483 15.053427547449248 2.5040626409463576 16.012825658312067 31.141570536885411 11.312839202000761 1.2956730066798607 93.348055543610826 2.9193092670757315 1.8024419778957961 6.4935585889033973
leaf_count=3404 6908 665 391 151 2573 567 180 5179 1411 624 1076 223 891 2334 58 3038 1841 693 658 1757 1348 485 1015 2354 3762 195 2563 1636 194 8774 541 1496 1925 1196 488 3948 313 743 3956 1232 3927 2261 1782 76 1179 610 822 1409 434 182 2565 164 1589 319 2069 3586 1047 140 9243 300 97 639
internal_value=0.000562279 0.0113984 -0.0108462 -0.022229 0.0048225 0.0236181 -2.58959e-06 0.00789963 0.00616037 -0.0063362 -0.0122245 -0.0282909 -0.0339383 0.0108427 0.0158761 -0.0375175 0.0109828 0.0185111 0.0305287 -0.00272398 -0.00360972 0.00142417 0.00843917 0.0132611 0.00834751 -0.0192248 -0.00903895 0.0182919 -0.0130659 0.0106127 0.0266792 0.0183885 -0.000367558 -0.0126267 -0.0227036 -0.026857 0.0323431 0.0249204 -0.000572526 0.00295531 -0.0168187 -0.0111133 -0.0205036 0.0126513 -0.00878508 -0.0132928 -0.00120989 0.0070997 -0.0161765 -0.0193242 -0.0223609 0.0285995 -0.0242993 -0.0349134 0.00451775 0.00875984 -0.0201875 0.0106291 0.0320963 0.0297106 -0.00568063 -0.00675637
internal_weight=964.908 495.092 469.816 131.893 323.048 172.044 28.6544 268.377 246.345 337.923 127.05 103.238 67.5781 61.5504 48.1588 59.5329 141.729 14.86 110.493 210.874 205.104 103.851 62.5712 51.614 122.939 78.6936 41.2796 46.4183 10.9572 108.748 18.7899 39.9317 104.617 37.07 17.9095 39.0361 9.18986 27.408 48.3561 41.4706 35.6603 39.6575 18.9155 3.08277 101.253 62.5922 38.6611 22.8036 56.4353 48.9127 43.0182 21.0546 41.2617 17.5575 62.8641 46.8513 13.7944 5.3137 105.054 96.2674 8.0452 13.3916
internal_count=107226 54833 52393 14104 38569 16264 2524 31661 29088 38289 14917 11580 7430 5496 4192 6442 16329 1326 10768 23372 22748 11882 7150 5941 14377 8653 4732 4134 1209 12536 1952 4593 12759 4247 1684 4339 633 3097 6264 5188 4150 4314 2053 271 10866 6878 3988 2231 6268 5089 4655 1800 4473 1908 7580 5511 1198 453 10201 9543 988 1304
is_linear=0
shrinkage=0.05


Tree=1
num_leaves=63
num_cat=0
split_feature=25 16 13 18 25 16 18 12 22 10 25 1 13 3 7 3 2 13 10 8 16 19 17 17 8 18 4 5 19 16 7 7 13 1 7 13 22 5 10 8 11 4 16 0 25 0 6 2 11 1 15 0 15 23 23 7 23 1 18 6 1 25
split_gain=110.559 19.5529 11.5994 14.8462 10.2235 10.0088 9.78224 12.2178 9.02876 8.90787 10.3124 7.71869 7.99295 6.70104 6.50494 6.2894 6.20384 5.9254 5.38885 5.38847 5.11781 4.97517 4.80697 6.01859 5.84841 6.29875 5.10703 4.68943 4.22561 4.17622 4.13458 4.84065 4.07414 4.07072 4.11062 8.23812 5.2808 3.80211 3.78863 3.77958 3.73228 3.71464 3.62691 3.76208 3.49815 3.72927 3.42896 4.05746 3.34688 3.29654 3.25495 4.36267 3.76537 3.24915 3.19633 3.5017 3.16983 4.19031 3.16446 3.15856 3.09597 3.07912
threshold=0.77070701122283947 1.7915911078453066 -1.8518631458282468 0.34431877732276922 2.8134422302246098 0.91361448168754589 -0.26284088194370264 0.049433682113885886 -0.49641242623329157 0.66904604434967052 2.9363386631011967 0.56711170077323925 -2.1223570108413692 -1.0389788746833799 -1.8433426618576048 -0.45990341901779169 0.46794557571411138 0.10303434357047082 0.77261435985565197 0.70659577846527111 3.7137458324432377 0.26872999966144567 0.021253190934658054 0.19371966272592547 -0.37505641579627985 -0.66341722011566151 0.39136508107185369 3.6861035823822026 -0.68828850984573353 0.1816334277391434 -1.6017318367958067 -1.2858306169509885 -2.7378906011581416 -2.7870272397994991 -1.3685179352760313 -1.1462110280990598 -0.12844377756118772 0.09699504449963571 -0.75535425543785084 -0.59578439593315113 -0.7498568296432494 -0.38020889461040491 -0.15593995153903958 0.53834784030914318 1.1818322539329531 -1.5801500678062437 0.20347694307565692 0.21835848689079287 -0.99288231134414662 0.41850906610488897 -0.58673700690269459 2.2505605220794682 0.677168369293213 3.6526129245758061 7.2706916332244882 -0.99032053351402272 -0.32975520193576807 -0.71896001696586598 3.3442142009735112 0.54487958550453197 -0.63900750875473011 1.5658577680587771
decision_type=2 2 2 2 2 2 2 2 2 2 2 2 2 2 2 2 2 2 2 2 2 2 2 2 2 2 2 2 2 2 2 2 2 2 2 2 2 2 2 2 2 2 2 2 2 2 2 2 2 2 2 2 2 2 2 2 2 2 2 2 2 2
left_child=6 2 5 30 11 -2 7 -1 13 -7 -11 12 44 19 -14 21 29 18 42 -8 58 -16 -9 24 38 26 -26 -17 -19 -15 -4 -32 -22 -20 35 -35 -36 49 -24 -25 -38 -18 43 -5 -3 -46 47 -42 -30 -27 -13 52 61 -29 55 -48 60 -58 -6 -41 -31 -52
right_child=1 4 3 17 20 9 8 22 -10 10 -12 50 14 16 15 27 41 28 33 -21 32 -23 23 39 25 37 -28 53 48 56 31 -33 -34 34 36 -37 40 -39 -40 59 46 -43 -44 -45 45 -47 54 -49 -50 -51 51 -53 -54 -55 -56 -57 57 -59 -60 -61 -62 -63
leaf_value=-0.02826139820536501 0.06926944559252525 -0.00014492930979854017 0.038547636550936237 0.033468203360601877 0.035632009570001698 -0.039032596920742429 -0.041396857284478422 -0.017471769797948799 -0.010237112933109211 0.050907951401634011 -0.039945254472867633 -0.057131279024360417 -0.047517663567136312 0.017907321743498569 0.0002204432347410604 -0.0069702346293772175 0.0194913762679161 -0.012333472337939515 0.042592901397673563 0.012464658771302406 0.065359756931778562 0.048346872440353621 0.02878681469938893 0.010164251977493217 -0.019468549767738097 -0.013424665638171901 0.069396483573198137 -0.0065305885603574466 -0.027417806286637265 0.011098566706361312 -0.042856251641217868 -0.0052709546607715169 0.011904830832797281 -0.063677887764676963 0.03292394574721063 0.023462500732232688 -0.044430464740327434 -0.01617713856672157 -0.021929311976942808 -0.028729484660207191 0.037305374944909396 -0.033418292539673926 -0.014079568689808872 -0.020251584405720308 0.0010306044148162339 0.069455329607797642 0.044101511623674386 0.0027947161622796368 0.018963026060478366 0.063488470223512922 0.0202179269419226 -0.017373344950790209 0.041271998252972855 0.06398844520537042 0.032370865594214718 -0.026997961826218182 -0.025267191886521691 0.013395086853189089 0.061372577798194577 0.00056456696962605291 -0.033572320395858543 -0.016653470087856295
leaf_weight=143.81894807197386 13.372619784902779 2.613803542917597 3.9790021074004462 8.3827247996814531 86.610797952860594 4.985264819115403 13.060417571803557 78.008260385307949 503.276943348028 13.156733879819514 3.1390755390748373 1.4684284662362177 2.9635008166078469 74.918587099993601 7.5315110448282239 24.587025065906349 3.4849089598283198 10.968812167411668 8.6960869422182423 6.1836613812483838 3.1703350692987433 19.820043090032414 4.0707087698392597 14.038646783912553 1.3756832832004899 1.5925559476017932 9.1279202187433821 2.0924756103195241 3.0251713898032895 5.108797123655676 8.2485923994099704 135.80839425412705 34.949565145303495 4.5565405348315835 20.611798785626888 4.4226577393710595 2.7593668249901375 7.7256508452119306 12.369107295293359 26.807968886336312 12.782784902723504 13.065151538350618 45.548178936296608 4.0551488760393104 2.5054788663983389 13.913066449575123 0.99807928642258303 23.698534497700166 241.08581408456666 2.7749917032197118 10.363830715650698 17.240423550945707 7.7424812801182261 3.5659149382263422 2.6176567454822353 14.246656345669178 7.4243799706455311 40.186512180138379 17.08816498471424 13.201981896359937 10.205326666356994 10.242098415037615
leaf_count=21653 133 92 43 249 1554 79 430 6170 45039 124 31 23 39 1885 239 868 74 334 82 130 18 398 156 705 93 229 60 53 133 86 202 7911 861 53 426 28 77 607 846 1805 224 778 1457 112 23 74 11 443 5945 16 280 486 156 19 34 306 176 1013 250 784 396 225
internal_value=0.001103 0.0142211 0.00909985 0.00730257 0.0254036 0.0368073 -0.0102643 -0.0175464 -0.00684825 0.013991 0.0318201 0.0148301 0.0242284 0.00294789 0.0147619 0.0188079 0.00648243 0.0122154 0.00436572 -0.0240819 0.0346412 0.0357464 -0.00839866 -0.000637089 0.0140645 0.0301015 0.0566423 0.00267631 0.0168803 0.0100109 -0.00621019 -0.00773814 0.0180355 0.0116474 0.008036 -0.0222062 0.0118314 0.00410199 -0.00815409 -0.0114087 0.00369625 -0.0215165 -0.00752263 0.015378 0.0518602 0.0599594 0.00698894 0.0156931 0.0182583 0.0372357 -0.0011355 0.00174839 0.0137436 0.0400953 -0.0104124 -0.019607 0.000398069 0.00686752 0.0404671 -0.0191634 -0.0185968 0.00173717
internal_weight=1851.44 859.615 591.146 556.492 268.469 34.6537 991.827 314.912 676.915 21.2811 16.2958 126.65 79.5928 173.638 60.5605 57.597 154.394 408.456 153.376 19.2441 141.819 27.3516 171.093 93.0852 39.0366 22.5968 10.5036 30.2454 255.08 137.844 148.036 144.057 38.1199 95.3902 86.6941 8.9792 77.7149 12.0932 16.4398 54.0486 57.1031 16.5501 57.9861 12.4379 19.0323 16.4185 54.3437 36.4813 244.111 4.36755 47.0573 45.5888 28.3484 5.65839 17.8624 15.2447 62.925 47.6109 103.699 40.01 15.3141 20.6059
internal_count=107226 24095 18437 18070 5658 367 83131 33124 50007 234 155 2975 1805 4968 1616 1577 4408 9914 3502 560 2683 637 11471 5301 2007 1005 153 940 6412 3556 8156 8113 879 1684 1602 81 1521 852 1002 3294 1095 852 1818 361 189 97 1018 667 6078 245 1170 1147 661 72 351 317 1671 1189 1804 2589 482 505
is_linear=0
shrinkage=0.05


Tree=2
num_leaves=63
num_cat=0
split_feature=24 16 7 22 9 5 23 21 21 13 22 23 8 11 11 20 0 9 9 7 11 6 16 8 20 6 24 21 9 12 6 4 6 2 9 20 1 24 8 13 15 9 11 7 14 5 22 14 0 1 6 6 16 5 11 2 15 4 4 23 20 6
split_gain=176.591 35.6766 22.338 21.0581 13.8067 11.3156 9.62689 8.52095 8.39362 8.29306 6.6033 6.78035 6.30614 6.21628 5.96031 5.88572 5.54095 5.46715 5.36912 5.28 4.54012 4.40057 4.36104 4.35317 4.3083 5.34926 4.90279 4.26673 4.24172 4.1707 4.67575 6.01545 4.16227 4.06423 4.68921 4.3673 3.97279 3.89525 3.82873 3.8103 3.62356 5.91349 3.51278 6.15441 4.95407 3.41723 3.20805 3.11655 3.45822 3.11517 3.10337 3.06693 2.98622 2.91609 3.67696 3.6997 5.04182 2.90369 2.98288 2.86631 2.84013 3.5224
threshold=0.78148016333580028 1.7915911078453066 -0.97124454379081715 -0.48951630294322962 -0.046633202582597726 -1.7262054085731504 1.5302603840827944 -0.44979090988636011 -0.9973638355731963 -1.8518631458282468 3.3879427909851079 3.2963860034942631 1.9962663650512698 1.2694101929664614 -0.93066543340682972 0.87512227892875682 1.3105115890502932 0.94913682341575634 0.021909913979470733 0.14424288272857669 -0.22774961590766904 -0.8293355107307433 -0.49886493384838099 0.30240121483802801 0.41580079495906835 5.4096155166625985 4.2480528354644784 1.353002190589905 1.114443898200989 -1.545243978500366 1.1225593090057375 2.1363847255706792 -1.2928367257118223 -1.0001072883605955 2.0134934186935429 0.20508151501417163 0.56711170077323925 1.2439855337142947 1.8093389272689822 2.9227385520935063 0.060434881597757346 2.1535879373550419 -0.5180852711200713 -0.58086726069450367 -1.799269914627075 0.11938329786062242 -0.49641242623329157 -0.72525992989540089 -0.56105226278305043 -0.60420066118240345 3.5913728475570683 -0.38391613960266108 2.8358099460601811 -0.63437733054161061 0.05151347070932389 2.058307528495789 0.82598793506622326 -0.20772595703601834 -1.1007536649703977 -0.3340295404195785 0.89373633265495311 -0.51355987787246693
decision_type=2 2 2 2 2 2 2 2 2 2 2 2 2 2 2 2 2 2 2 2 2 2 2 2 2 2 2 2 2 2 2 2 2 2 2 2 2 2 2 2 2 2 2 2 2 2 2 2 2 2 2 2 2 2 2 2 2 2 2 2 2 2
left_child=3 2 6 4 8 17 14 -4 45 -5 11 23 33 21 -2 47 37 -3 -9 -11 28 -14 -21 40 26 29 42 -12 50 -26 31 -31 -22 -13 38 -36 -10 -8 39 -35 -7 -42 44 -44 -25 -1 -39 -6 49 -49 -20 -45 -15 -32 -55 -56 -57 58 -30 -50 61 -16
right_child=1 5 7 9 15 10 16 18 36 19 27 12 13 52 60 -17 -18 -19 20 22 32 -23 -24 24 25 -27 -28 -29 57 30 53 -33 -34 34 35 -37 -38 46 -40 -41 41 -43 43 51 -46 -47 -48 48 59 -51 -52 -53 -54 54 55 56 -58 -59 -60 -61 -62 -63
leaf_value=-0.014876228021085583 -0.031532625037512182 0.016568681998883217 -0.012006666602818515 0.010232301913892093 -0.0097511167775191226 0.0053029556410368701 -0.0047137046020666483 -0.016218283391595246 -0.026097046562127652 -0.025652824155948353 0.019930783512767739 -0.01554268584985101 -0.019564617104334291 0.03457443583128425 0.0168010254811118 0.025577835547698193 -0.033913259853109327 0.057381266991365823 -0.02039768536570867 -0.0010872804224513488 0.056062938065707835 0.045247803742473586 -0.018765077870034057 0.041734125763042314 0.034792897182834431 0.047104025125939995 -0.021837961707620902 -0.039080146958697402 -0.012947139632334551 -0.050386436328320884 0.037523473701848581 0.0092696658982574041 0.010135299508481245 0.039208590160294494 -0.03507861162981777 0.015644001657482295 0.0183834811964383 -0.0071451108466104307 -0.012390602303215774 -0.0076852063060413693 0.055678497243162373 -0.024437096000995591 0.066824457390515193 -0.033930774305744794 -0.031449535046356565 0.040080870691157816 0.052287482393495968 -0.00020864526821620958 -0.016415962103903843 0.036287954082260314 0.029643221579566611 0.024467725899362202 -0.015967118849205202 -0.042598075044448423 0.019243381892089614 -0.041475035948474355 0.027926744657646968 -0.012478462793319409 0.032443772361145401 0.0072916152924875563 0.043767392555997257 -0.041725345145467274
leaf_weight=3.5038674973184225 6.5831231895135742 11.862924586050211 79.999203973449767 20.705069404910319 41.231830976437777 7.9872747859917608 3.1701532066799691 23.661666812957264 78.249500658130273 324.91879390383838 4.5256427992135269 6.2479206209536633 2.0586916413158169 3.6185483932495099 12.529969950322995 30.419818836962804 1.4885177446994919 42.131876385537907 30.942549347062595 42.941288986126892 4.1596614534500977 95.925017318222672 203.73203423165251 2.6713773508090526 6.029854428023099 5.3395241263788185 5.0090559993404886 5.9361733885016292 4.0077860738383633 9.8315646043047327 4.5384185146540359 6.2831046684877938 226.9886397018563 47.614945896202698 4.5120527260005501 17.270619328017347 4.5382912617642424 1.9933287831954647 3.9431818330194792 4.2370103509165338 17.451541261747483 1.9662818126380432 8.9598769601434451 1.45088067697361 5.2144023391883811 7.2054155751829967 46.903851321316324 8.9352052243193629 16.98263110476546 14.502047938643953 2.4743509285617611 42.907945865066722 6.9035869264043868 3.7223702850751641 16.524912032415163 6.501351625309324 3.0843342574080452 8.2493272586725634 13.725402848562227 42.739620385924354 7.0010265517048529 2.1630458416184402
leaf_count=490 349 119 4528 1049 2053 144 105 2070 8879 40634 130 94 18 21 403 1089 23 387 1579 3166 47 1022 21018 23 90 64 77 250 121 342 34 206 7280 373 88 228 230 40 50 59 179 60 44 29 85 235 542 460 1307 513 66 954 148 62 307 261 100 262 340 2069 119 112
internal_value=0.00125092 0.0167891 0.00742528 -0.0151635 -0.00290182 0.0275454 0.0310352 0.00244536 -0.0179845 -0.020282 0.0241753 0.0253618 0.0317006 0.0397631 0.0068793 0.00623215 0.0433379 0.0489698 0.0061672 -0.021412 0.00805676 0.0436516 -0.0157247 0.0173358 0.0132106 0.00352862 0.0219939 -0.0136048 -0.00415682 -0.00124877 -0.00624272 -0.0276518 0.0112213 0.0208598 0.0240157 0.00383934 -0.0234087 0.046238 0.0315983 0.0352092 0.0352939 0.0465215 0.0259549 0.0305002 -0.00418853 0.0219381 0.0496698 0.00129505 0.00688211 0.0227302 -0.0157935 0.0217415 0.0024723 0.00415134 -0.00181565 0.00517074 -0.0181431 0.0106548 0.0217748 0.000308458 0.0196317 0.00575659
internal_weight=1728.91 888.304 476.042 840.605 248.308 412.262 81.833 394.209 93.4971 592.297 358.267 347.806 192.332 108.506 28.2772 154.811 53.5559 53.9948 314.209 571.592 290.548 97.9837 246.673 155.474 128.069 61.8554 66.2135 10.4618 59.3994 56.5159 50.4861 16.1147 231.148 83.8257 77.5778 21.7827 82.7878 52.0673 55.7951 51.852 27.4051 19.4178 61.2045 53.3187 7.88578 10.7093 48.8972 124.391 83.1595 23.4373 33.4169 44.3588 10.5221 34.3714 29.833 26.1106 9.58569 25.9825 17.7332 59.7223 21.694 14.693
internal_count=107226 24034 17986 83192 17325 6048 1693 16293 9834 65867 5542 5162 2101 1209 983 7491 710 506 11765 64818 9695 1040 24184 3061 2678 1466 1212 380 2368 1402 1312 548 7327 892 798 316 9109 687 482 432 383 239 1135 1027 108 725 582 6402 4349 973 1645 983 169 764 730 668 361 723 461 3376 634 515
is_linear=0
shrinkage=0.05


Tree=3
num_leaves=63
num_cat=0
split_feature=25 23 13 22 18 4 18 18 25 4 6 19 21 9 25 13 17 13 1 19 25 5 1 25 7 7 24 18 3 14 5 2 21 14 13 6 2 21 18 14 9 6 3 9 5 19 10 20 14 19 10 25 17 13 25 21 7 19 7 14 5 7
split_gain=219.388 24.3576 17.7341 16.4426 18.6414 11.6503 10.188 9.9797 9.4353 8.83918 11.0853 7.58839 7.17726 6.58382 6.35786 6.18473 6.13537 6.01628 4.49479 4.42601 4.32278 4.23194 4.13982 4.00481 3.95721 5.08649 3.87969 3.80668 3.80304 3.77082 3.60145 3.35307 3.35019 3.24086 4.07682 3.21124 3.15578 3.10606 4.01728 5.46908 5.37532 3.77686 3.03138 4.05614 3.06481 2.92969 2.92649 2.8912 2.81467 2.70622 2.70713 2.70496 2.66367 2.65375 3.97621 3.47794 3.55494 3.06809 3.04902 2.80188 2.91711 2.72534
threshold=0.75057828426361095 2.0008256435394292 -1.7589868903160093 -0.48951630294322962 -0.22814574092626569 -0.64646470546722401 3.5880546569824223 0.48776674270629888 1.4641371965408327 0.92050266265869152 -0.87324553728103627 0.0843092016875744 -0.9973638355731963 0.80536770820617687 2.1128568649291997 -1.8518631458282468 2.0937436819076543 1.8020903468132021 0.56711170077323925 -0.32897517085075373 0.37753197550773626 -0.6128038465976714 -0.71896001696586598 1.9471460580825808 0.13643456995487216 -1.6017318367958067 9.9193625450134295 0.45273315906524664 3.7387287616729741 0.70132821798324596 0.53655979037284862 1.5823319554328921 -0.4283080250024795 -0.40317758917808527 2.181415438652039 1.2882119417190554 0.006767670391127468 0.0074046130757778892 1.3169118762016299 1.4189155697822573 1.3825893402099612 0.85895255208015453 0.11392791569232942 -0.026005152612924572 -1.0783755183219907 3.4742190837860112 0.91583919525146495 -0.20471124351024625 0.37293666601181036 1.0307706594467165 0.74015286564826976 2.2848138809204106 0.041167356073856361 1.8785257339477541 1.4111808538436892 -0.014078364241868256 -0.14488741010427472 0.83202305436134349 -1.3685179352760313 -0.48899428546428675 -1.8346983790397642 1.7110323309898379
decision_type=2 2 2 2 2 2 2 2 2 2 2 2 2 2 2 2 2 2 2 2 2 2 2 2 2 2 2 2 2 2 2 2 2 2 2 2 2 2 2 2 2 2 2 2 2 2 2 2 2 2 2 2 2 2 2 2 2 2 2 2 2 2
left_child=3 2 8 4 12 13 9 17 47 10 29 -6 36 15 -8 -3 21 49 -14 33 22 -16 -13 -21 25 -5 28 -12 37 -7 -31 -29 -33 -11 51 -19 -1 38 40 45 -25 -42 43 -24 -45 -40 -15 -2 -23 -4 -51 -35 -38 55 -55 56 58 -58 -9 60 -57 -56
right_child=1 5 7 24 11 6 14 53 -10 19 27 20 18 46 16 -17 -18 35 -20 23 -22 48 42 26 -26 -27 -28 31 -30 30 -32 32 -34 34 -36 -37 52 -39 39 -41 41 -43 -44 44 -46 -47 -48 -49 -50 50 -52 -53 -54 54 61 59 57 -59 -60 -61 -62 -63
leaf_value=-0.021708273606164133 -0.015595898387824277 0.045316348205727081 -0.014279916843278501 0 -0.013444299410288463 0.055260254941250322 -0.002231925280780651 -0.014140050682287728 0.05688439017207203 -0.038367934027328784 -0.022471509970732651 -0.011037614319504613 -0.034059008205486831 0.011738242016074266 0.059176002863546143 -0.0056217034701670568 0.053659698612867152 -0.025252121340160229 0.012816953031182732 0.0042070075092427647 -0.0041370319460291042 -0.026200969140038527 -0.005765249555984708 0.032118458564837006 -0.017748153605376276 -0.028139988321305001 -0.005148978734719434 0.0078699130825204775 -0.00045517357401206803 -0.023203103877898201 0.036915466887668245 0.032320151206920354 -0.029174007124098341 0.019377924292165193 0.036592771846877044 0.031062644011399229 -0.0047831678090077788 0.037350556451658877 0.022753703567299045 0.055530656427888431 -0.033189609941358576 0.0086012641736996753 0.0039231898956180169 -0.013089733294752853 0.043495613482755963 -0.031396635922812041 0.047930374348163003 0.022083445116036413 0.01777678619828698 -0.018628297861134648 0.019083481234771472 -0.018476065649328171 0.039465960892098223 0.042352997806184796 0.034011092042662935 0.019338517530279303 0.018116503244609328 -0.0085040602694919989 0.036642561052788201 0.008027630527341378 -0.021140027071850118 -0.0095534067544949166
leaf_weight=6.3861292727524441 6.1127305816626203 8.6873068395070749 99.885572820203379 17.027090772753581 28.87724556424655 13.125577482162045 8.476743283797985 2.6991747340653118 24.178965712431818 2.8652241327799883 14.167733825510366 7.2069231992354608 62.847535395121668 7.2136629758169866 4.2679601453710374 14.632419927744193 44.137024570023641 2.2032572231255463 4.8909830248448989 20.941558213438839 19.168025049148127 3.8074523629620698 5.1347817722707978 19.891594532411546 235.96541483711917 296.81626344192773 8.0671987544046697 88.99513008329086 9.9106075140880403 3.5797552473377419 4.4589645868400112 1.7734828839311383 11.022131731268015 6.7921505692647832 8.6902948929928225 12.929817729396744 5.7171358657069486 93.859653642051853 18.446503143524755 17.298482748330571 6.0991250169463482 21.557360460283235 11.379698808188548 1.9957816950045515 33.277259712456726 1.9086674575228233 81.432065850356594 17.071771108312532 13.780066438834181 6.2935985827352878 12.552966777002437 10.866623901063575 6.2366852967534214 14.620909934514204 4.3540330515243104 4.6511426607612547 23.963110012700781 18.010919881635346 22.2350967109669 39.277037381427363 20.459704029839486 9.77574630291201
leaf_count=802 146 63 7369 911 1949 121 303 60 193 73 1004 383 8998 145 28 415 372 86 268 578 671 53 484 290 26001 40569 175 2213 139 51 65 32 236 216 94 323 344 1234 269 181 122 376 533 76 531 34 853 308 181 466 394 212 192 365 82 109 761 601 505 1329 993 296
internal_value=0.00169907 0.0181235 0.00750491 -0.0184544 -0.00583021 0.0244398 0.0208031 0.0028595 0.0355733 0.0174158 0.00711075 0.00804516 -0.0230361 0.0389812 0.0377559 0.0142318 0.0429236 -0.00716315 -0.0304644 0.0230603 0.0161172 0.0196241 0.0227406 0.0255064 -0.0228608 -0.0266204 0.0277122 0.00086627 0.0291611 0.0395157 0.00998545 0.00435019 -0.0185635 0.00440326 0.0104699 0.0214967 0.00429853 0.0308215 0.0232211 0.0353727 0.0129647 -0.00127704 0.0276561 0.0339629 0.0398835 0.0162095 0.0452048 0.0117082 0.00708982 -0.0110068 0.00593405 -0.00338998 0.0191815 0.011266 0.0248984 0.00807745 0.0159724 0.00664528 0.0306192 -0.000168912 -0.0129974 0.00490102
internal_weight=1654.96 912.028 341.276 742.927 193.118 570.753 458.787 293.912 47.3635 384.318 137.123 107.04 86.0785 111.965 74.4692 23.3197 65.9925 133.865 67.7385 247.195 78.1625 21.8555 58.9944 217.981 549.809 313.843 197.039 115.958 188.972 21.1643 8.03872 101.791 12.7956 29.2143 26.3491 15.1331 18.34 179.061 85.2017 37.6537 47.5481 27.6565 51.7875 40.4078 35.273 20.3552 88.6457 23.1845 17.5875 118.732 18.8466 17.6588 11.9538 160.047 28.7507 131.296 66.9083 41.974 24.9343 64.3879 25.1108 14.1298
internal_count=107226 24514 14386 82712 15231 10128 8652 13739 647 7715 3722 4627 10604 1476 937 478 634 8638 9266 3993 2678 262 2007 3398 67481 41480 2820 3485 2645 237 116 2481 268 595 522 409 1338 2506 1272 484 788 498 1624 1091 607 303 998 454 234 8229 860 428 536 5101 743 4358 1927 1362 565 2431 1102 378
is_linear=0
shrinkage=0.05


Tree=4
num_leaves=63
num_cat=0
split_feature=24 16 22 18 7 18 11 13 16 15 9 15 18 24 24 24 6 0 6 5 8 14 22 9 9 17 9 2 2 3 8 11 21 13 6 20 13 9 14 7 21 13 7 11 3 15 14 22 21 22 22 1 1 15 2 14 7 9 21 6 18 21
split_gain=200.399 45.5543 24.0966 22.2969 17.2813 11.3169 11.1652 10.859 7.23786 6.48958 4.8369 4.28465 4.5357 4.18732 4.15333 3.53734 4.89302 3.44016 4.02942 3.85435 4.07278 4.10386 3.43993 3.47304 3.41353 3.40173 3.38805 3.38549 3.37432 3.61458 3.35713 3.12111 3.08418 3.0284 3.01386 3.31944 2.89486 2.84889 2.74387 2.66897 2.65765 3.17858 2.61357 2.71931 2.57707 2.54413 3.81146 2.50784 2.55108 2.50564 2.36208 2.33265 2.3258 2.29206 2.32943 2.25844 3.23195 2.87154 2.53071 3.41339 2.34308 2.25813
threshold=0.82172486186027538 1.7915911078453066 -0.49641242623329157 -0.22814574092626569 -0.97124454379081715 0.051520315930247314 0.6896885633468629 -1.8518631458282468 3.7137458324432377 0.12575324624776843 -0.046633202582597726 1.3481519222259524 3.3442142009735112 2.5028874874114995 1.2818555235862734 2.2084659337997441 -1.1536867618560789 0.70664650201797496 -1.2928367257118223 -0.39815874397754664 0.9063226878643037 0.33092594146728521 1.2240781188011172 0.26209203898906713 2.3236454725265507 -1.6444423794746397 1.0391608476638796 2.8499211072921757 0.86126804351806652 -0.62223890423774708 0.96807011961936962 -0.097071133553981767 -0.88791751861572255 -1.9678253531455991 -0.053197298198938363 -0.1282248720526695 -1.0233771204948423 0.92697963118553173 -0.308657556772232 0.13643456995487216 -0.93758639693260182 -2.3476541042327876 -0.34318546950817103 0.64737543463706981 0.099516797810792937 -0.33147369325160975 -2.6805412769317623 2.0307447910308842 -0.81803411245346058 1.7615684270858767 -0.34246347844600672 -3.3445938825607295 0.76197141408920299 0.92913571000099193 0.74655508995056163 -0.11975692957639693 -0.45897282660007471 0.84401446580886852 -0.73628059029579151 0.31891942024230963 0.28501844406127935 -1.022016108036041
decision_type=2 2 2 2 2 2 2 2 2 2 2 2 2 2 2 2 2 2 2 2 2 2 2 2 2 2 2 2 2 2 2 2 2 2 2 2 2 2 2 2 2 2 2 2 2 2 2 2 2 2 2 2 2 2 2 2 2 2 2 2 2 2
left_child=2 4 3 6 14 -6 61 -4 11 -10 -5 12 22 -14 33 45 -17 19 -19 20 21 38 23 -3 37 42 34 -24 29 36 44 -20 -8 -2 -27 -36 -12 -11 -16 -9 41 -25 -18 51 55 46 -7 48 -26 -22 -28 -44 -49 54 -37 56 57 -31 59 -57 -58 -1
right_child=1 8 7 10 5 15 32 39 9 24 28 -13 13 -15 17 16 25 18 31 -21 49 -23 27 40 47 26 50 -29 -30 30 -32 -33 -34 -35 35 53 -38 -39 -40 -41 -42 -43 43 -45 -46 -47 -48 52 -50 -51 -52 -53 -54 -55 -56 58 60 -59 -60 -61 -62 -63
leaf_value=-0.0087655398517334868 0.033477489508036487 -0.011419324645841262 0.0092212752167600866 -0.014328207002379143 -0.022741422242193721 0.03088485283336706 0.037853511010448426 -0.027825095379688233 0.044534022687747671 0.029224818438987155 0.031308587976028 -0.013765767690100983 -0.00090726880011584513 0.052167621713679502 0.0060025137310163214 0.055903850858297716 0.017896916886197291 -0.05002322777292189 -0.020593467908595599 0.057542067117217613 0.041479591901895596 0.037170575478981525 -0.0044581678395653477 0.050255376723530691 -0.014672294701243717 -0.018590120636966436 -0.0016430538688768195 0.032412886775012327 -0.025061770406919925 -0.032262101114627344 -0.012833701424705399 0.045818920257909332 -0.0094904079472427558 -0.010982101671008361 0.025357858826344105 0.0015590078551071937 -0.0054123716335345981 -0.024444033135035875 -0.042771025950040786 -0.019946648212930299 0.035720976870359404 -0.0075178727244773888 0.022946426697354531 0.019289730060801258 0.0038061821990630069 0.0031850521274148281 -0.02085280274362155 0.017807813733434867 0.023395133518080952 -0.0051626102127987142 0.020337284215163086 -0.039395217524317516 -0.03317260318737246 0.020833884791696407 -0.029834194305447145 -0.032605369805889843 0.013619394703469512 0.033492553848687608 0.048364302808685637 0.041469237463636205 0.043147822812819231 -0.03304900847350227
leaf_weight=12.881213230546562 4.620301575632765 3.5773348236689335 24.335054326220416 17.644334048382007 37.760956699843518 3.1866539886686978 7.7657738674897701 282.8971629118314 16.170341727090999 2.1935817920602849 5.5303611420094958 3.9195476687746114 3.7603540895506731 52.180791338556446 7.3344446518458435 4.8212866908870629 4.7575838458724347 1.8316526655107734 2.0322095847222954 15.848122398136182 31.175108357565477 5.8755460409447542 12.829573133145461 2.2313437461853027 4.0819984854897475 12.828538601519538 13.685958855086936 10.39372243452817 4.5873598328325889 4.3525258086156056 6.1148722924990571 3.5273870069067916 4.8833594194147718 10.917428889311848 16.43074291490484 16.45595461328049 28.899480624706484 10.204652491840532 3.4216849205549815 210.21487291669473 218.19572504167445 7.9734637583605927 0.96268939413130183 2.4116577187087378 14.335075327428056 118.25673993269447 23.573737077822443 3.0682307360693803 40.429682397050783 2.7282888502813867 81.791728067444637 10.159004599321632 3.9822361636906862 7.436978642595931 7.9146597182843825 2.1683645477751297 19.586896008928314 1.420577810378745 18.503760668216273 2.0385009404271841 11.38662645081058 66.138063721242361
leaf_count=1107 83 91 1086 1718 3935 85 179 40850 209 26 141 143 143 294 194 32 85 29 45 100 313 46 272 15 217 432 480 210 379 149 248 31 529 618 441 585 1295 343 96 24963 2699 235 20 57 669 5411 1523 60 812 38 1702 393 177 162 286 85 551 32 285 39 213 9540
internal_value=0.00193598 0.0185708 -0.0169505 -0.00337125 0.00768303 0.00278325 -0.0223328 -0.0229124 0.0309532 0.0170832 0.00938969 0.0343998 0.0350647 0.0485588 0.0272603 0.00582795 0.0104967 0.0321589 0 0.0357109 0.0277838 0.00660604 0.0319093 0.0337695 0.00948741 0.00890529 0.0113085 0.0124941 0.0130404 0.0148165 0.0205948 0.0213422 0.0198533 0.00316096 0.00196497 0.00779948 0.00106208 -0.0131028 -0.0114062 -0.0245238 0.0345458 0.00802611 -0.0109234 -0.0219333 0.0235663 0 -0.0136211 0.0151604 0.0195486 0.0375426 0.0171504 -0.0321386 -0.0109096 -0.00161465 -0.00921333 0.028106 0.0192924 -0.0127877 0.0407406 0.00339909 0.0256411 -0.029312
internal_weight=1592.62 846.94 745.684 228.237 451.747 362.435 91.6684 517.447 395.193 80.1307 136.569 315.062 311.142 55.9411 89.3122 324.674 179.657 73.7744 7.39125 66.3832 50.5351 16.6317 255.201 231.978 63.9604 174.835 156.545 23.2233 118.924 114.337 79.9072 5.5596 12.6491 15.5377 61.0669 48.2383 34.4298 12.3982 10.7561 493.112 228.401 10.2048 18.2909 13.5334 73.7923 145.017 26.7604 51.5621 44.5117 33.9034 95.4777 11.1217 7.05047 31.8076 24.3706 59.4573 36.7466 5.7731 22.7106 4.20687 30.9735 79.0193
internal_count=107226 23168 84058 17159 17222 15629 11355 66899 5946 1844 5804 4102 3959 437 1593 11694 4675 892 105 787 687 336 3522 3040 1635 4643 4088 482 4086 3707 2271 76 708 701 1906 1474 1436 369 290 65813 2949 250 555 470 2023 7019 1608 1266 1029 351 2182 413 237 1033 871 1354 945 181 409 124 764 10647
is_linear=0
shrinkage=0.05


end of trees

feature_importances:
Column_13=22
Column_7=20
Column_18=20
Column_25=19
Column_9=18
Column_6=16
Column_16=15
Column_1=14
Column_11=14
Column_21=14
Column_22=14
Column_5=12
Column_4=11
Column_14=11
Column_15=11
Column_8=10
Column_2=9
Column_19=9
Column_24=9
Column_0=7
Column_17=7
Column_23=7
Column_3=6
Column_20=6
Column_10=5
Column_12=4

parameters:
[boosting: gbdt]
[objective: lambdarank]
[metric: ndcg]
[tree_learner: serial]
[device_type: cpu]
[data_sample_strategy: bagging]
[data: ]
[valid: ]
[num_iterations: 300]
[learning_rate: 0.05]
[num_leaves: 63]
[num_threads: -1]
[seed: 0]
[deterministic: 0]
[force_col_wise: 0]
[force_row_wise: 0]
[histogram_pool_size: -1]
[max_depth: -1]
[min_data_in_leaf: 20]
[min_sum_hessian_in_leaf: 0.001]
[bagging_fraction: 0.8]
[pos_bagging_fraction: 1]
[neg_bagging_fraction: 1]
[bagging_freq: 5]
[bagging_seed: 3]
[bagging_by_query: 0]
[feature_fraction: 0.8]
[feature_fraction_bynode: 1]
[feature_fraction_seed: 2]
[extra_trees: 0]
[extra_seed: 6]
[early_stopping_round: 0]
[early_stopping_min_delta: 0]
[first_metric_only: 0]
[max_delta_step: 0]
[lambda_l1: 0.1]
[lambda_l2: 1]
[linear_lambda: 0]
[min_gain_to_split: 0]
[drop_rate: 0.1]
[max_drop: 50]
[skip_drop: 0.5]
[xgboost_dart_mode: 0]
[uniform_drop: 0]
[drop_seed: 4]
[top_rate: 0.2]
[other_rate: 0.1]
[min_data_per_group: 100]
[max_cat_threshold: 32]
[cat_l2: 10]
[cat_smooth: 10]
[max_cat_to_onehot: 4]
[top_k: 20]
[monotone_constraints: ]
[monotone_constraints_method: basic]
[monotone_penalty: 0]
[feature_contri: ]
[forcedsplits_filename: ]
[refit_decay_rate: 0.9]
[cegb_tradeoff: 1]
[cegb_penalty_split: 0]
[cegb_penalty_feature_lazy: ]
[cegb_penalty_feature_coupled: ]
[path_smooth: 0]
[interaction_constraints: ]
[verbosity: -1]
[saved_feature_importance_type: 0]
[use_quantized_grad: 0]
[num_grad_quant_bins: 4]
[quant_train_renew_leaf: 0]
[stochastic_rounding: 1]
[linear_tree: 0]
[max_bin: 255]
[max_bin_by_feature: ]
[min_data_in_bin: 3]
[bin_construct_sample_cnt: 200000]
[data_random_seed: 1]
[is_enable_sparse: 1]
[enable_bundle: 1]
[use_missing: 1]
[zero_as_missing: 0]
[feature_pre_filter: 1]
[pre_partition: 0]
[two_round: 0]
[header: 0]
[label_column: ]
[weight_column: ]
[group_column: ]
[ignore_column: ]
[categorical_feature: ]
[forcedbins_filename: ]
[precise_float_parser: 0]
[parser_config_file: ]
[objective_seed: 5]
[num_class: 1]
[is_unbalance: 0]
[scale_pos_weight: 1]
[sigmoid: 1]
[boost_from_average: 1]
[reg_sqrt: 0]
[alpha: 0.9]
[fair_c: 1]
[poisson_max_delta_step: 0.7]
[tweedie_variance_power: 1.5]
[lambdarank_truncation_level: 30]
[lambdarank_norm: 1]
[label_gain: ]
[lambdarank_position_bias_regularization: 0]
[eval_at: 5]
[multi_error_top_k: 1]
[auc_mu_weights: ]
[num_machines: 1]
[local_listen_port: 12400]
[time_out: 120]
[machine_list_filename: ]
[machines: ]
[gpu_platform_id: -1]
[gpu_device_id: -1]
[gpu_use_dp: 0]
[num_gpu: 1]

end of parameters

pandas_categorical:null
